Group_0 4
0.001667 0.800000 0.000000
0.001667 0.200000 0.000000
0.001667 0.800000 0.100000
0.001667 0.200000 0.100000
0.998333 0.800000 0.000000
0.998333 0.200000 0.000000
0.998333 0.800000 0.100000
0.998333 0.200000 0.100000

Group_1 4
0.102514 0.551659 0.000000
0.100819 0.451674 0.000000
0.102514 0.551659 0.700000
0.100819 0.451674 0.700000
0.200847 0.549993 0.000000
0.199153 0.450007 0.000000
0.200847 0.549993 0.700000
0.199153 0.450007 0.700000

Group_2 4
0.451667 0.548333 0.000000
0.451667 0.448333 0.000000
0.451667 0.548333 0.700000
0.451667 0.448333 0.700000
0.548333 0.548333 0.000000
0.548333 0.448333 0.000000
0.548333 0.548333 0.700000
0.548333 0.448333 0.700000

Group_3 4
0.799167 0.549993 0.000000
0.800833 0.450007 0.000000
0.799167 0.549993 0.700000
0.800833 0.450007 0.700000
0.899167 0.551660 0.000000
0.900833 0.451674 0.000000
0.899167 0.551660 0.700000
0.900833 0.451674 0.700000

Group_4 4
0.348889 0.699997 0.000000
0.351111 0.300003 0.000000
0.348889 0.699997 0.250000
0.351111 0.300003 0.250000
0.648889 0.701664 0.000000
0.651111 0.301670 0.000000
0.648889 0.701664 0.250000
0.651111 0.301670 0.250000

Group_5 4
0.401240 0.649995 0.000000
0.398760 0.350005 0.000000
0.401240 0.649995 0.400000
0.398760 0.350005 0.400000
0.602906 0.648328 0.000000
0.600427 0.348338 0.000000
0.602906 0.648328 0.400000
0.600427 0.348338 0.400000

Group_6 4
0.449972 0.598319 0.000000
0.453361 0.398348 0.000000
0.449972 0.598319 0.500000
0.453361 0.398348 0.500000
0.548305 0.599986 0.000000
0.551695 0.400014 0.000000
0.548305 0.599986 0.500000
0.551695 0.400014 0.500000

