Group_0 4
0.000831 0.998333 0.000000
0.002503 -0.001665 0.000000
0.000831 0.998333 0.100000
0.002503 -0.001665 0.100000
0.997497 1.000000 0.000000
0.999169 0.000001 0.000000
0.997497 1.000000 0.100000
0.999169 0.000001 0.100000

Group_1 4
0.004166 0.998316 0.000000
-0.004166 -0.001649 0.000000
0.004166 0.998316 0.800000
-0.004166 -0.001649 0.800000
0.204166 0.996649 0.000000
0.195834 -0.003316 0.000000
0.204166 0.996649 0.800000
0.195834 -0.003316 0.800000

Group_2 4
0.998333 0.000000 0.000000
0.998333 1.000000 0.000000
0.998333 0.000000 0.800000
0.998333 1.000000 0.800000
0.800000 0.000000 0.000000
0.800000 1.000000 0.000000
0.800000 0.000000 0.800000
0.800000 1.000000 0.800000

Group_3 4
0.200417 0.349999 0.000000
0.199583 0.050001 0.000000
0.200417 0.349999 0.150000
0.199583 0.050001 0.150000
0.800417 0.348333 0.000000
0.799583 0.048334 0.000000
0.800417 0.348333 0.150000
0.799583 0.048334 0.150000

Group_4 4
0.197918 0.399999 0.000000
0.198749 0.100001 0.000000
0.197918 0.399999 0.210000
0.198749 0.100001 0.210000
0.799585 0.401666 0.000000
0.800416 0.101667 0.000000
0.799585 0.401666 0.210000
0.800416 0.101667 0.210000

Group_5 4
0.199278 0.428331 0.000000
0.200722 0.168335 0.000000
0.199278 0.428331 0.260000
0.200722 0.168335 0.260000
0.799278 0.431665 0.000000
0.800722 0.171669 0.000000
0.799278 0.431665 0.260000
0.800722 0.171669 0.260000

Group_6 4
0.200000 0.998333 0.000000
0.200000 0.398333 0.000000
0.200000 0.998333 0.260000
0.200000 0.398333 0.260000
0.800000 0.998333 0.000000
0.800000 0.398333 0.000000
0.800000 0.998333 0.260000
0.800000 0.398333 0.260000

Group_7 4
-0.000008 0.998330 0.800000
0.003342 -0.001664 0.800000
-0.000008 0.998330 0.929999
0.003342 -0.001664 0.929999
0.994992 1.001664 0.800000
0.998342 0.001670 0.800000
0.994992 1.001664 0.929999
0.998342 0.001670 0.929999

Group_8 4
0.800000 0.898333 0.909999
0.200000 0.898333 0.909999
0.800000 0.898333 1.169999
0.200000 0.898333 1.169999
0.800000 0.300000 0.909999
0.200000 0.300000 0.909999
0.800000 0.300000 0.929999
0.200000 0.300000 0.929999

