Group_0 4
0.401653 0.701660 0.000000
0.398347 0.301673 0.000000
0.401653 0.701660 0.100000
0.398347 0.301673 0.100000
0.603320 0.699993 0.000000
0.600014 0.300007 0.000000
0.603320 0.699993 0.100000
0.600014 0.300007 0.100000

Group_1 4
0.449167 0.798326 0.000000
0.450833 0.698340 0.000000
0.449167 0.798326 0.100000
0.450833 0.698340 0.100000
0.549167 0.799993 0.000000
0.550833 0.700007 0.000000
0.549167 0.799993 0.100000
0.550833 0.700007 0.100000

Group_2 4
0.423889 0.828330 0.000000
0.422778 0.728336 0.000000
0.423889 0.828330 0.100000
0.422778 0.728336 0.100000
0.573889 0.826664 0.000000
0.572778 0.726670 0.000000
0.573889 0.826664 0.100000
0.572778 0.726670 0.100000

Group_3 4
0.434736 0.650535 0.000000
0.405264 0.702798 0.000000
0.434736 0.650535 0.100000
0.405264 0.702798 0.100000
0.213069 0.525535 0.000000
0.183598 0.577798 0.000000
0.213069 0.525535 0.100000
0.183598 0.577798 0.100000

Group_4 4
0.589717 0.702809 0.000000
0.560283 0.650525 0.000000
0.589717 0.702809 0.100000
0.560283 0.650525 0.100000
0.814717 0.576142 0.000000
0.785283 0.523858 0.000000
0.814717 0.576142 0.100000
0.785283 0.523858 0.100000

Group_5 4
0.398333 0.300000 0.000000
0.398333 0.000000 0.000000
0.398333 0.300000 0.100000
0.398333 0.000000 0.100000
0.451667 0.300000 0.000000
0.451667 0.000000 0.000000
0.451667 0.300000 0.100000
0.451667 0.000000 0.100000

Group_6 4
0.550000 0.301667 0.000000
0.550000 0.001667 0.000000
0.550000 0.301667 0.100000
0.550000 0.001667 0.100000
0.600000 0.301667 0.000000
0.600000 0.001667 0.000000
0.600000 0.301667 0.100000
0.600000 0.001667 0.100000

